LONG	LAT	SES.SIZE.DISPARITY	SES.SHAPE.VENTRAL
-70.28	-54.87	-0.505629402	-0.260894603
-69.28	-54.87	-0.36493805	-0.191901133
-68.28	-54.87	-0.462676392	-0.074574142
-67.28	-54.87	-0.516738713	-0.259201693
-66.28	-54.87	-0.863949809	-1.12257338
-72.28	-53.87	-1.078006532	-0.981005726
-71.28	-53.87	-0.647314117	-0.005030103
-70.28	-53.87	-0.664343816	0.004096172
-69.28	-53.87	-0.395689759	-0.004806739
-68.28	-53.87	-0.474468866	-0.28443501
-73.28	-52.87	-0.619096451	-0.268840957
-72.28	-52.87	-0.559163485	-0.222718666
-71.28	-52.87	-0.717414015	-0.191359649
-70.28	-52.87	-0.698825919	-0.275199585
-69.28	-52.87	-0.4890158	-0.326759349
-73.28	-51.87	-0.852412583	-0.843924904
-72.28	-51.87	-0.853731328	-0.975592073
-71.28	-51.87	-0.676112578	-0.841988308
-70.28	-51.87	-0.672487412	-1.294557176
-69.28	-51.87	-0.419737022	-0.244965748
-74.28	-50.87	-0.946383444	-1.333718896
-73.28	-50.87	-0.978676908	-0.802256442
-72.28	-50.87	-0.739134316	-1.04247383
-71.28	-50.87	-0.707069638	-0.783963025
-70.28	-50.87	-0.552656667	-1.343154987
-69.28	-50.87	-0.366098069	-0.800940993
-75.28	-49.87	-0.848590688	-1.705406948
-74.28	-49.87	-1.158507109	-1.495989608
-73.28	-49.87	-0.723574739	-0.903166818
-72.28	-49.87	-0.959469919	-0.99295298
-71.28	-49.87	-0.60051823	-0.55535436
-70.28	-49.87	-0.368973547	-1.264412087
-69.28	-49.87	-0.225305434	-0.944796594
-68.28	-49.87	-0.358126097	-1.018672997
-75.28	-48.87	-1.302150518	-1.380462267
-74.28	-48.87	-0.940863911	-1.170248051
-73.28	-48.87	-0.649638617	-0.608221867
-72.28	-48.87	-0.734629106	-0.627271757
-71.28	-48.87	-0.67739517	-0.716572857
-70.28	-48.87	-0.411760722	-1.556311438
-69.28	-48.87	-0.433126089	-1.313163998
-68.28	-48.87	-0.390962136	-1.546928188
-67.28	-48.87	-0.173559995	-1.583099056
-74.28	-47.87	-0.916070276	-1.139755199
-73.28	-47.87	-0.726601456	-0.553124916
-72.28	-47.87	-0.748583443	-0.575224802
-71.28	-47.87	-0.614671757	-0.659551324
-70.28	-47.87	-0.466714662	-1.563362482
-69.28	-47.87	-0.570889322	-1.579135463
-68.28	-47.87	-0.319198086	-1.509421411
-67.28	-47.87	-0.297847037	-1.654654293
-66.28	-47.87	-0.218083933	-1.73781616
-74.28	-46.87	-0.822311361	-0.823938482
-73.28	-46.87	-0.730064539	-0.275383858
-72.28	-46.87	-0.805398841	-0.756038685
-71.28	-46.87	-0.762232225	-0.852725558
-70.28	-46.87	-0.504300612	-1.454210608
-69.28	-46.87	-0.550103493	-1.316994652
-68.28	-46.87	-0.508517337	-1.783180539
-67.28	-46.87	-0.134277824	-1.401602858
-74.28	-45.87	-0.820398804	-0.841433881
-73.28	-45.87	-0.575213846	-0.277871757
-72.28	-45.87	-1.135542322	-0.974583915
-71.28	-45.87	-0.898002245	-0.890486116
-70.28	-45.87	-0.547790368	-1.598504785
-69.28	-45.87	-0.5045285	-1.418412294
-68.28	-45.87	-0.500584707	-1.92142134
-74.28	-44.87	-0.749185514	-0.919830446
-73.28	-44.87	-0.596421566	-0.756528186
-72.28	-44.87	-0.877683262	-1.033094113
-71.28	-44.87	-0.770790905	-1.113138011
-70.28	-44.87	-0.779521898	-1.071056186
-69.28	-44.87	-0.515412987	-1.221201366
-68.28	-44.87	-0.710675022	-1.432042548
-67.28	-44.87	-0.330002917	-1.677295137
-66.28	-44.87	-0.117425891	-0.891187957
-72.28	-43.87	-0.658447714	-0.575375139
-71.28	-43.87	-0.902545152	-1.416843318
-70.28	-43.87	-0.685700062	-1.250275341
-69.28	-43.87	-0.669265141	-1.632973895
-68.28	-43.87	-0.622029024	-1.595461762
-67.28	-43.87	-0.506439219	-1.417911735
-66.28	-43.87	-0.23940166	-0.748640554
-65.28	-43.87	-0.033098968	-0.839455445
-74.28	-42.87	-0.714546193	-0.572686205
-72.28	-42.87	-0.774557119	-0.767900298
-71.28	-42.87	-0.893139831	-1.1386444
-70.28	-42.87	-0.777653889	-1.012809114
-69.28	-42.87	-0.624778742	-1.640327454
-68.28	-42.87	-0.81710556	-2.181249936
-67.28	-42.87	-0.453004506	-1.340662522
-66.28	-42.87	-0.388756639	-1.090989355
-65.28	-42.87	-0.304262093	-1.27400293
-73.28	-41.87	-0.731262423	-0.88310392
-72.28	-41.87	-0.872449717	-0.935221875
-71.28	-41.87	-0.71871396	-1.382351078
-70.28	-41.87	-0.733490923	-1.19181704
-69.28	-41.87	-0.640969006	-1.630946566
-68.28	-41.87	-0.718675523	-1.66370026
-67.28	-41.87	-0.509169017	-1.368795618
-66.28	-41.87	-0.573312581	-1.306568147
-65.28	-41.87	0.011037873	-1.676524426
-73.28	-40.87	-0.636471307	-0.620870035
-72.28	-40.87	-0.703625772	-0.511367009
-71.28	-40.87	-0.842263274	-1.413470491
-70.28	-40.87	-0.830882283	-1.391302147
-69.28	-40.87	-0.725754539	-1.782104966
-68.28	-40.87	-0.779222246	-1.976900575
-67.28	-40.87	-0.571902586	-1.320183365
-66.28	-40.87	-0.588166068	-1.175501289
-65.28	-40.87	-0.367888082	-1.617394104
-64.28	-40.87	-0.31288707	-1.58202383
-63.28	-40.87	-0.46292708	-2.025045449
-73.28	-39.87	-0.713311013	-0.604330092
-72.28	-39.87	-0.969961081	-0.35029271
-71.28	-39.87	-0.858070067	-1.380034893
-70.28	-39.87	-0.917576255	-1.778078532
-69.28	-39.87	-0.629425364	-1.886462114
-68.28	-39.87	-0.563474922	-1.624334784
-67.28	-39.87	-0.412225554	-1.186819897
-66.28	-39.87	-0.299043355	-1.962544519
-65.28	-39.87	-0.314650153	-1.768821217
-64.28	-39.87	-0.49020766	-2.118621791
-63.28	-39.87	-0.315126006	-1.72938684
-62.28	-39.87	-0.264403886	-1.771884417
-73.28	-38.87	-0.642932763	-0.770408695
-72.28	-38.87	-0.965911961	-1.560579033
-71.28	-38.87	-0.855799474	-1.289606613
-70.28	-38.87	-0.914906257	-1.423052948
-69.28	-38.87	-0.645945763	-1.57522443
-68.28	-38.87	-0.350343577	-1.747570082
-67.28	-38.87	-0.050507107	-1.614647342
-66.28	-38.87	-0.30975999	-1.459632596
-65.28	-38.87	-0.444192333	-1.963929101
-64.28	-38.87	-0.120753041	-1.518495332
-63.28	-38.87	-0.134365832	-0.633284297
-62.28	-38.87	-0.161075585	-0.834347924
-61.28	-38.87	-0.064874422	-0.445790136
-60.28	-38.87	0.000497972	0.063744879
-73.28	-37.87	-0.787027017	-1.034578718
-72.28	-37.87	-0.824370136	-1.407650549
-71.28	-37.87	-0.768263902	-1.290567945
-70.28	-37.87	-0.902005665	-1.383106138
-69.28	-37.87	-0.633320199	-1.56927779
-68.28	-37.87	-0.520596137	-1.837856994
-67.28	-37.87	-0.158161842	-1.425444341
-66.28	-37.87	-0.110319575	-1.021982642
-65.28	-37.87	-0.27928763	-1.813944334
-64.28	-37.87	-0.348386058	-1.946671633
-63.28	-37.87	-0.298535637	-1.112390035
-62.28	-37.87	-0.045212712	-0.776776589
-61.28	-37.87	-0.122017987	-0.494369196
-60.28	-37.87	-0.154283365	0.094451113
-59.28	-37.87	-0.055863384	-0.042216085
-58.28	-37.87	0.010985937	-0.175413443
-72.28	-36.87	-0.899964908	-1.203628535
-71.28	-36.87	-0.935040215	-0.943588462
-70.28	-36.87	-0.712146687	-1.271553448
-69.28	-36.87	-0.64092722	-1.747110428
-68.28	-36.87	-0.528586281	-1.653706926
-67.28	-36.87	-0.187973122	-1.478864398
-66.28	-36.87	-0.115898699	-1.475073465
-65.28	-36.87	-0.159318816	-1.856543951
-64.28	-36.87	-0.149249675	-1.094936617
-63.28	-36.87	-0.179403703	-1.095708345
-62.28	-36.87	-0.117439818	-0.384444182
-61.28	-36.87	0.008009363	-0.239648923
-60.28	-36.87	0.60139889	0.015461784
-59.28	-36.87	0.0454319	0.066865235
-58.28	-36.87	-0.147149214	-0.075946173
-57.28	-36.87	0.376654539	0.198081649
-72.28	-35.87	-1.042221167	-1.211920582
-71.28	-35.87	-0.997084003	-1.60202733
-70.28	-35.87	-0.806680321	-1.7903236
-69.28	-35.87	-0.708184383	-2.212163554
-68.28	-35.87	-0.69296493	-1.882060718
-67.28	-35.87	-0.282540224	-1.920514657
-66.28	-35.87	-0.112415181	-1.352936897
-65.28	-35.87	-0.084846461	-1.507865317
-64.28	-35.87	-0.08634521	-0.573946037
-63.28	-35.87	-0.081103343	-0.625555199
-62.28	-35.87	0.1481286	0.353239059
-61.28	-35.87	0.244179403	0.161688272
-60.28	-35.87	0.031007023	0.028930326
-59.28	-35.87	0.089822112	0.018861892
-58.28	-35.87	1.169306056	0.430656229
-57.28	-35.87	0.49624541	0.365583177
-72.28	-34.87	-0.844533284	-1.546164054
-71.28	-34.87	-1.142579559	-2.091779138
-70.28	-34.87	-0.635059443	-1.714132287
-69.28	-34.87	-0.772175357	-1.806035599
-68.28	-34.87	-0.550759229	-1.832515488
-67.28	-34.87	-0.375439143	-2.134711356
-66.28	-34.87	-0.024260004	-1.287800498
-65.28	-34.87	-0.113058304	-0.70603847
-64.28	-34.87	-0.057073265	-0.898120056
-63.28	-34.87	0.218548616	0.295310416
-62.28	-34.87	0.052274265	0.116727145
-61.28	-34.87	0.216271674	0.199780717
-60.28	-34.87	0.792563363	0.584756706
-59.28	-34.87	1.743404753	0.261195699
-58.28	-34.87	1.211939953	-0.06902225
-56.28	-34.87	2.092914638	0.551090004
-55.28	-34.87	1.678524933	0.470517845
-71.28	-33.87	-0.835082935	-2.059410494
-70.28	-33.87	-0.814546982	-2.499056123
-69.28	-33.87	-0.782906954	-2.292647451
-68.28	-33.87	-0.204173984	-1.954257329
-67.28	-33.87	-0.334677004	-1.68637148
-66.28	-33.87	-0.319965956	-0.866631261
-65.28	-33.87	-0.302450279	-1.345592044
-64.28	-33.87	-0.182453973	-0.943727738
-63.28	-33.87	0.375003142	0.207529576
-62.28	-33.87	0.16301549	0.193577036
-61.28	-33.87	0.312853518	0.091656915
-60.28	-33.87	1.050369276	0.671988944
-59.28	-33.87	0.818889439	-0.073568688
-58.28	-33.87	1.16334923	-0.054702783
-57.28	-33.87	1.935617607	-0.027832238
-56.28	-33.87	2.00217124	0.327791431
-55.28	-33.87	1.411102657	0.366157062
-54.28	-33.87	1.741231012	0.171345711
-71.28	-32.87	-0.693525692	-1.509070027
-70.28	-32.87	-0.712831915	-2.421624588
-69.28	-32.87	-0.669607733	-1.940626139
-68.28	-32.87	-0.298777392	-1.788897929
-67.28	-32.87	-0.571615921	-2.180356358
-66.28	-32.87	-0.302379914	-1.099967588
-65.28	-32.87	-0.265228056	-1.066875379
-64.28	-32.87	-0.495601435	-1.534910213
-63.28	-32.87	-0.112477171	-0.440435508
-62.28	-32.87	-0.013937642	0.157706435
-61.28	-32.87	0.573957951	-0.297957263
-60.28	-32.87	1.505938496	0.123366375
-59.28	-32.87	1.849927919	-0.719668987
-58.28	-32.87	1.690210036	-0.440887253
-57.28	-32.87	2.001888374	0.262262283
-56.28	-32.87	2.525140165	0.537612088
-55.28	-32.87	1.498214188	0.381209688
-54.28	-32.87	2.103956757	0.40189442
-53.28	-32.87	1.375741011	0.490072439
-71.28	-31.87	-0.60526094	-1.406089518
-70.28	-31.87	-0.766175008	-2.095862311
-69.28	-31.87	-0.570510309	-1.837995915
-68.28	-31.87	-0.601098328	-2.413263051
-67.28	-31.87	-0.495694174	-2.236752113
-66.28	-31.87	-0.27521569	-0.92206373
-65.28	-31.87	-0.15823404	-1.098141593
-64.28	-31.87	-0.346389332	-1.401855367
-63.28	-31.87	0.044953604	-0.496920082
-62.28	-31.87	-0.25295455	-0.295892753
-61.28	-31.87	0.377155128	-0.11462065
-60.28	-31.87	1.229215827	0.281555171
-59.28	-31.87	1.352670994	-0.397713482
-58.28	-31.87	1.350050379	-0.423909562
-57.28	-31.87	1.09095949	-0.458225168
-56.28	-31.87	1.72468225	0.56846283
-55.28	-31.87	1.451141552	0.248420525
-54.28	-31.87	1.849173133	0.533466426
-53.28	-31.87	1.376957616	1.326653764
-52.28	-31.87	0.969606172	0.881454271
-71.28	-30.87	-0.754611844	-1.278789422
-70.28	-30.87	-0.764342251	-2.030302454
-69.28	-30.87	-0.622077582	-1.738161367
-68.28	-30.87	-0.583964096	-2.099590959
-67.28	-30.87	-0.60273542	-2.278600257
-66.28	-30.87	-0.38222836	-1.401543713
-65.28	-30.87	-0.358572448	-1.073225437
-64.28	-30.87	-0.298210834	-1.124511602
-63.28	-30.87	-0.370243061	-1.173036739
-62.28	-30.87	-0.192930638	-0.359965011
-61.28	-30.87	0.651595733	-0.169839301
-60.28	-30.87	1.515375526	0.174385612
-59.28	-30.87	1.247379554	-0.251382655
-58.28	-30.87	1.497119389	-0.221966229
-57.28	-30.87	2.199280989	-0.416655594
-56.28	-30.87	0.67959884	-1.121971852
-55.28	-30.87	1.691881706	-0.381592161
-54.28	-30.87	2.224576449	0.585942745
-53.28	-30.87	2.710849592	1.132213904
-52.28	-30.87	2.159701435	0.940972167
-51.28	-30.87	1.842218808	0.469212085
-71.28	-29.87	-0.659292981	-1.783157419
-70.28	-29.87	-0.877829736	-1.422338664
-69.28	-29.87	-0.459434346	-1.455746922
-68.28	-29.87	-0.501656559	-1.511653691
-67.28	-29.87	-0.773343454	-2.810170089
-66.28	-29.87	-0.55821817	-2.447258485
-65.28	-29.87	-0.345643583	-1.264945979
-64.28	-29.87	-0.553739723	-1.526373283
-63.28	-29.87	-0.311446543	-0.800726816
-62.28	-29.87	-0.28777769	-0.270467529
-61.28	-29.87	0.475897938	-0.160261801
-60.28	-29.87	0.815720937	0.085521747
-59.28	-29.87	1.852985957	-0.462740914
-58.28	-29.87	0.748104739	-0.306810793
-57.28	-29.87	1.277816783	-0.252472584
-56.28	-29.87	1.289079987	-0.657384904
-55.28	-29.87	2.315543906	-0.283207451
-54.28	-29.87	2.124327953	-0.507115431
-53.28	-29.87	1.69787121	0.542333287
-52.28	-29.87	1.339480249	1.046829008
-51.28	-29.87	1.608183503	-0.349001174
-50.28	-29.87	1.428814806	-0.233545325
-71.28	-28.87	-0.459058041	-1.657025163
-70.28	-28.87	-0.629403536	-1.690443178
-69.28	-28.87	-0.464300779	-1.604099436
-68.28	-28.87	-0.490689391	-1.076592157
-67.28	-28.87	-0.788374235	-1.788047336
-66.28	-28.87	-0.324364092	-1.731056053
-65.28	-28.87	-0.570950984	-2.159489182
-64.28	-28.87	-0.48443723	-2.39285685
-63.28	-28.87	-0.627063588	-1.726855685
-62.28	-28.87	-0.448215668	-1.295768488
-61.28	-28.87	-0.519575051	-1.34522586
-60.28	-28.87	1.159448042	-0.773774437
-59.28	-28.87	0.747321175	-0.473014621
-58.28	-28.87	0.272319207	-0.090171756
-57.28	-28.87	0.493031823	-0.079205191
-56.28	-28.87	1.063666607	-0.212171113
-55.28	-28.87	1.025958654	0.121418777
-54.28	-28.87	2.438462839	0.543407649
-53.28	-28.87	3.231880538	-0.157079925
-52.28	-28.87	2.129519653	0.454001904
-51.28	-28.87	1.427101943	0.059644504
-50.28	-28.87	1.19127188	0.389846905
-49.28	-28.87	1.401016983	0.512441805
-70.28	-27.87	-0.657598481	-1.595714353
-69.28	-27.87	-0.654008555	-1.955831192
-68.28	-27.87	-0.395108605	-0.922093519
-67.28	-27.87	-0.635088559	-1.214893586
-66.28	-27.87	-0.662008445	-1.937225302
-65.28	-27.87	-0.602167759	-1.605062134
-64.28	-27.87	-0.75031947	-2.492954422
-63.28	-27.87	-0.581223543	-2.280793423
-62.28	-27.87	-0.311237089	-1.745360198
-61.28	-27.87	-0.426533087	-1.18035207
-60.28	-27.87	-0.05372825	-1.062287624
-59.28	-27.87	0.859294604	-1.023245886
-58.28	-27.87	0.762300365	-0.418010004
-57.28	-27.87	0.559025334	-0.330210568
-56.28	-27.87	0.496384491	0.714659697
-55.28	-27.87	0.813195473	0.281421546
-54.28	-27.87	1.311347904	0.142288518
-53.28	-27.87	1.972480232	0.163739173
-52.28	-27.87	1.282668062	-0.38908523
-51.28	-27.87	1.506378853	0.382408611
-50.28	-27.87	1.465436488	0.204876865
-49.28	-27.87	1.354883627	0.131896471
-70.28	-26.87	-0.595034143	-2.100226116
-69.28	-26.87	-0.515198817	-1.173460097
-68.28	-26.87	-0.48277821	-0.952456655
-67.28	-26.87	-0.518254631	-0.967438863
-66.28	-26.87	-0.469407378	-2.334292104
-65.28	-26.87	-0.581687798	-2.364015613
-64.28	-26.87	-0.698731948	-2.513749816
-63.28	-26.87	-0.565676211	-2.289019886
-62.28	-26.87	-0.530533543	-2.086907769
-61.28	-26.87	-0.577023992	-2.134097846
-60.28	-26.87	-0.05605712	-2.0784133
-59.28	-26.87	0.285986278	-1.33622668
-58.28	-26.87	1.397183426	-0.876412698
-57.28	-26.87	0.56187424	-0.470136957
-56.28	-26.87	2.149249649	0.390208484
-55.28	-26.87	0.427190766	-0.089857249
-54.28	-26.87	0.772287968	0.266792787
-53.28	-26.87	1.064357126	0.057605675
-52.28	-26.87	0.845949381	0.074418932
-51.28	-26.87	1.303109723	0.931976008
-50.28	-26.87	1.33550237	-0.097645568
-49.28	-26.87	0.992400048	-0.305405436
-70.28	-25.87	-0.586095594	-1.766615111
-69.28	-25.87	-0.521781106	-1.873283092
-68.28	-25.87	-0.586031694	-1.143332019
-67.28	-25.87	-0.550531519	-0.856899694
-66.28	-25.87	-0.5589332	-2.122422365
-65.28	-25.87	-0.581175858	-2.906332979
-64.28	-25.87	-0.45671371	-2.647974659
-63.28	-25.87	-0.751066788	-2.599655891
-62.28	-25.87	-0.661233331	-2.458570016
-61.28	-25.87	-0.70784793	-2.450661934
-60.28	-25.87	-0.871286012	-2.929016174
-59.28	-25.87	0.473660826	-1.876150802
-58.28	-25.87	0.411075519	-1.858693467
-57.28	-25.87	0.88842434	-1.318539127
-56.28	-25.87	1.914524142	-0.895374396
-55.28	-25.87	0.825560175	-0.538947835
-54.28	-25.87	1.012889888	0.336981035
-53.28	-25.87	0.450250386	0.329612021
-52.28	-25.87	0.832977828	0.269790458
-51.28	-25.87	0.790599521	0.381299549
-50.28	-25.87	0.571564892	0.997415131
-49.28	-25.87	0.604510014	0.825750053
-70.28	-24.87	-0.557319626	-1.559267458
-69.28	-24.87	-0.508043151	-2.072145619
-68.28	-24.87	-0.836921763	-1.596471524
-67.28	-24.87	-0.476520691	-0.928741837
-66.28	-24.87	-0.961006689	-2.223974448
-65.28	-24.87	-0.882854722	-2.676378296
-64.28	-24.87	-0.638042124	-1.974405925
-63.28	-24.87	-0.47836682	-2.166247343
-62.28	-24.87	-0.667443477	-2.485798318
-61.28	-24.87	-0.747265153	-2.162914409
-60.28	-24.87	-0.58639126	-2.190392762
-59.28	-24.87	0.385683209	-2.118513522
-58.28	-24.87	0.717112519	-1.403086537
-57.28	-24.87	0.799812095	-1.175756136
-56.28	-24.87	1.149492667	-1.691578775
-55.28	-24.87	2.279905824	-0.801084572
-54.28	-24.87	1.479769135	0.241546823
-53.28	-24.87	1.292847891	0.016839801
-52.28	-24.87	0.941019892	0.113571473
-51.28	-24.87	0.471775649	0.818665928
-50.28	-24.87	0.471356864	0.507227985
-49.28	-24.87	0.557815332	0.384022762
-48.28	-24.87	0.685446071	0.780202029
-70.28	-23.87	-0.401359468	-1.609596199
-69.28	-23.87	-0.637332113	-1.733650171
-68.28	-23.87	-0.630328158	-1.649621211
-67.28	-23.87	-0.71354128	-1.526332103
-66.28	-23.87	-1.074240291	-2.074244106
-65.28	-23.87	-0.933198444	-2.639222092
-64.28	-23.87	-0.880491623	-2.574606661
-63.28	-23.87	0.083823384	-1.287845055
-62.28	-23.87	-0.877997972	-2.38934664
-61.28	-23.87	-1.006991361	-2.320445373
-60.28	-23.87	-0.617315088	-2.317262785
-59.28	-23.87	-0.03431247	-2.305921955
-58.28	-23.87	0.883041372	-2.240810745
-57.28	-23.87	0.377167748	-1.686719691
-56.28	-23.87	0.832866739	-1.687694019
-55.28	-23.87	1.028556293	-0.672160503
-54.28	-23.87	1.557426128	-0.322387914
-53.28	-23.87	1.374043606	-0.927394571
-52.28	-23.87	0.988466776	0.100242441
-51.28	-23.87	0.706084807	0.379356639
-50.28	-23.87	0.637510835	1.378153464
-49.28	-23.87	0.517559505	0.828290163
-48.28	-23.87	0.617719801	0.283523625
-47.28	-23.87	0.637373527	0.215779832
-46.28	-23.87	0.590536081	0.243293626
-70.28	-22.87	-0.294633383	-1.238488049
-69.28	-22.87	-0.50969551	-2.285176572
-68.28	-22.87	-0.87655616	-2.431335831
-67.28	-22.87	-0.529044151	-1.281059645
-66.28	-22.87	-0.722481433	-1.179743896
-65.28	-22.87	-0.931799342	-2.366567225
-64.28	-22.87	-0.936919874	-2.296185599
-63.28	-22.87	-0.243668454	-1.170213496
-62.28	-22.87	-0.250819785	-1.828895382
-61.28	-22.87	-0.598336136	-2.483349442
-60.28	-22.87	-0.591900713	-2.313092546
-59.28	-22.87	-0.200675505	-2.543120145
-58.28	-22.87	0.547502953	-2.270197374
-57.28	-22.87	1.035280303	-1.656674517
-56.28	-22.87	1.227763125	-1.051142792
-55.28	-22.87	0.955425303	-1.352675856
-54.28	-22.87	1.644503087	-0.097809169
-53.28	-22.87	0.536796453	-1.036233926
-52.28	-22.87	0.899818575	-1.049133704
-51.28	-22.87	0.83358172	-1.521340035
-50.28	-22.87	0.754823834	-0.336636152
-49.28	-22.87	1.476958846	0.984178608
-48.28	-22.87	0.45258676	0.563415785
-47.28	-22.87	0.619818791	0.432205468
-46.28	-22.87	0.502330137	0.289905033
-45.28	-22.87	0.503285449	0.003155735
-44.28	-22.87	0.493238399	0.356679255
-43.28	-22.87	0.770085524	0.059189031
-42.28	-22.87	0.894402749	0.314879351
-69.28	-21.87	-0.662982468	-2.517317978
-68.28	-21.87	-0.755620511	-2.597823483
-67.28	-21.87	-0.640851773	-1.12977558
-66.28	-21.87	-0.619027429	-1.853327137
-65.28	-21.87	-0.879776555	-2.363675609
-64.28	-21.87	-0.970268355	-2.471989183
-63.28	-21.87	-0.189670054	-1.930255065
-62.28	-21.87	-0.290944269	-1.993179512
-61.28	-21.87	-0.593701325	-2.230960418
-60.28	-21.87	-0.141973493	-2.214988801
-59.28	-21.87	-0.032135647	-2.232959772
-58.28	-21.87	0.594287908	-2.246632437
-57.28	-21.87	0.344932793	-2.086684781
-56.28	-21.87	0.476049306	-1.803600027
-55.28	-21.87	0.599086505	-1.593919621
-54.28	-21.87	0.422072997	-1.865703538
-53.28	-21.87	0.176783006	-1.493394735
-52.28	-21.87	0.292919167	-1.568039632
-51.28	-21.87	0.55625221	-0.953434449
-50.28	-21.87	0.442096408	-1.325007091
-49.28	-21.87	0.483950133	-1.022448553
-48.28	-21.87	0.693330822	-0.331280086
-47.28	-21.87	0.695993924	0.119892474
-46.28	-21.87	0.42693649	-0.213771059
-45.28	-21.87	0.337660726	-0.123731334
-44.28	-21.87	0.741854533	-0.179594702
-43.28	-21.87	0.980299557	0.157072764
-42.28	-21.87	0.977741864	0.255161039
-41.28	-21.87	0.793208937	0.321660578
-69.28	-20.87	-0.709161913	-2.203389509
-68.28	-20.87	-0.933894584	-1.938856424
-67.28	-20.87	-0.525068052	-1.06224303
-66.28	-20.87	-0.813809866	-2.591923242
-65.28	-20.87	-0.751947101	-2.261918382
-64.28	-20.87	-0.86267916	-2.378001404
-63.28	-20.87	-0.33542898	-1.450783369
-62.28	-20.87	-0.435997647	-2.253256398
-61.28	-20.87	-0.420966286	-1.973398269
-60.28	-20.87	-0.197300223	-2.235652904
-59.28	-20.87	-0.101205954	-2.74780639
-58.28	-20.87	0.219660519	-2.088345411
-57.28	-20.87	0.17483863	-1.628664862
-56.28	-20.87	0.655529661	-1.777969021
-55.28	-20.87	0.125808793	-2.229914063
-54.28	-20.87	-0.055939818	-2.147482568
-53.28	-20.87	0.15549199	-1.855154375
-52.28	-20.87	-0.067185492	-1.366968931
-51.28	-20.87	0.101259963	-1.551941409
-50.28	-20.87	0.659144619	-1.03745471
-49.28	-20.87	0.205763521	-0.861114892
-48.28	-20.87	0.369011219	-1.443518759
-47.28	-20.87	0.895477422	-0.021429929
-46.28	-20.87	4.815905073	0.887257859
-45.28	-20.87	3.322296358	0.805756696
-44.28	-20.87	2.672914977	0.329703819
-43.28	-20.87	3.995108625	0.511503264
-42.28	-20.87	0.679154403	-0.512762529
-41.28	-20.87	0.53834229	-0.633869547
-69.28	-19.87	-0.808273627	-2.3224264
-68.28	-19.87	-0.649265032	-1.587092436
-67.28	-19.87	-0.558769277	-1.528678869
-66.28	-19.87	-0.659827976	-1.648084463
-65.28	-19.87	-0.83856185	-1.6622646
-64.28	-19.87	-0.778019864	-2.386809293
-63.28	-19.87	0.177389915	-0.556674882
-62.28	-19.87	-0.135139448	-0.877015488
-61.28	-19.87	0.002336772	-1.514066784
-60.28	-19.87	-0.310375413	-2.301534514
-59.28	-19.87	-0.375133538	-2.453599439
-58.28	-19.87	0.073006029	-2.208154249
-57.28	-19.87	0.035050269	-2.065477883
-56.28	-19.87	-0.363745763	-2.238374355
-55.28	-19.87	-0.102760229	-2.262386568
-54.28	-19.87	0.098935322	-2.232764563
-53.28	-19.87	-0.085878116	-1.868482474
-52.28	-19.87	3.416331188	-0.879742178
-51.28	-19.87	3.813896272	-0.691427106
-50.28	-19.87	2.955951537	-0.910404693
-49.28	-19.87	3.291238836	-0.313291024
-48.28	-19.87	3.800034054	-0.373015191
-47.28	-19.87	3.742857347	-0.596250972
-46.28	-19.87	3.258079835	0.351170801
-45.28	-19.87	3.318636562	0.635753849
-44.28	-19.87	4.911866054	0.661401813
-43.28	-19.87	3.064053675	0.720978236
-42.28	-19.87	1.032071375	-0.376399753
-41.28	-19.87	0.771923923	-0.42527966
-40.28	-19.87	0.540009591	-0.549192939
-70.28	-18.87	-0.314871735	-1.465543338
-69.28	-18.87	-0.395490771	-1.542396653
-68.28	-18.87	-0.200590406	-1.143524974
-67.28	-18.87	-0.781255021	-2.073305843
-66.28	-18.87	-0.745268072	-1.773003649
-65.28	-18.87	-0.817769628	-1.362112926
-64.28	-18.87	-0.132935871	-0.935008449
-63.28	-18.87	-0.033370833	-0.898973895
-62.28	-18.87	-0.080765636	-1.58524837
-61.28	-18.87	-0.224789456	-1.472856158
-60.28	-18.87	-0.17175208	-1.943100869
-59.28	-18.87	-0.069718047	-1.442781263
-58.28	-18.87	0.101555238	-2.766971445
-57.28	-18.87	-0.251541638	-2.577846012
-56.28	-18.87	-0.492630748	-2.084820114
-55.28	-18.87	1.823454165	-1.457165966
-54.28	-18.87	3.576331683	-1.254171751
-53.28	-18.87	4.396046797	-1.426410324
-52.28	-18.87	2.714757929	-0.811929786
-51.28	-18.87	4.118901764	-0.900613617
-50.28	-18.87	2.990042405	-0.92964974
-49.28	-18.87	2.964416814	-0.227817868
-48.28	-18.87	4.409180799	-0.134286248
-47.28	-18.87	2.859258678	0.169844031
-46.28	-18.87	3.528216596	0.183158934
-45.28	-18.87	2.571019381	-0.178198966
-44.28	-18.87	3.568906472	0.830047808
-43.28	-18.87	3.236945929	0.738369212
-42.28	-18.87	0.773249139	0.563449618
-41.28	-18.87	0.791023869	-0.806024712
-40.28	-18.87	1.149776202	-0.386156435
-70.28	-17.87	-0.352943476	-1.752314813
-69.28	-17.87	-0.456902807	-1.944110474
-68.28	-17.87	-0.672835287	-1.258151694
-67.28	-17.87	-0.916051363	-2.244031169
-66.28	-17.87	-0.570230027	-1.615888928
-65.28	-17.87	-0.380867624	-0.9102901
-64.28	-17.87	0.213172946	-1.121389225
-63.28	-17.87	0.056984784	-1.058494598
-62.28	-17.87	-0.341122618	-1.717520646
-61.28	-17.87	-0.307084827	-2.287504109
-60.28	-17.87	-0.433070628	-1.966859296
-59.28	-17.87	-0.312319235	-2.278737052
-58.28	-17.87	-0.01477214	-2.537928638
-57.28	-17.87	-0.098494064	-2.407543382
-56.28	-17.87	3.523149942	-1.80888153
-55.28	-17.87	2.711147406	-1.354883653
-54.28	-17.87	3.130179797	-0.653224593
-53.28	-17.87	2.870045502	-0.78231274
-52.28	-17.87	2.862356258	-0.690496158
-51.28	-17.87	2.880102875	-1.16417577
-50.28	-17.87	2.353856281	-0.702576608
-49.28	-17.87	3.699166837	-0.511285841
-48.28	-17.87	2.60937393	0.386824655
-47.28	-17.87	3.131447277	0.533833559
-46.28	-17.87	4.023355536	1.483589076
-45.28	-17.87	2.581479848	0.689224098
-44.28	-17.87	3.162018628	0.806116336
-43.28	-17.87	0.807115523	0.960992121
-42.28	-17.87	0.597037726	0.795937876
-41.28	-17.87	0.952211565	-0.921651414
-40.28	-17.87	1.02984185	0.041804784
-72.28	-16.87	-0.342964429	-1.209141211
-71.28	-16.87	-0.568377059	-2.362427968
-70.28	-16.87	-0.586942177	-2.28887453
-69.28	-16.87	-0.731974303	-2.74115316
-68.28	-16.87	-0.590429854	-1.566751468
-67.28	-16.87	-0.839910722	-2.325838036
-66.28	-16.87	-0.431999317	-1.277997365
-65.28	-16.87	-0.137409534	-1.480993657
-64.28	-16.87	-0.066295723	-0.659441712
-63.28	-16.87	0.366644042	-1.164207461
-62.28	-16.87	-0.067482929	-1.31684131
-61.28	-16.87	-0.436958643	-2.171256418
-60.28	-16.87	-0.265156596	-1.758744801
-59.28	-16.87	4.120272364	-1.42444533
-58.28	-16.87	3.222500659	-1.850524199
-57.28	-16.87	2.576122129	-1.153137712
-56.28	-16.87	2.963861685	-0.259068405
-55.28	-16.87	2.515498619	-0.291728551
-54.28	-16.87	2.654485513	-0.110858294
-53.28	-16.87	4.224018378	0.085596679
-52.28	-16.87	3.168604486	0.083576299
-51.28	-16.87	2.512151021	0.044542715
-50.28	-16.87	2.402043779	0.152774447
-49.28	-16.87	3.109545139	0.263500994
-48.28	-16.87	3.672302542	0.123528458
-47.28	-16.87	3.085521131	0.846210946
-46.28	-16.87	3.638388265	0.977867691
-45.28	-16.87	0.55874751	0.661744168
-44.28	-16.87	0.575801242	0.438657276
-43.28	-16.87	0.593857031	0.503736488
-42.28	-16.87	0.864446551	1.305691325
-41.28	-16.87	0.690250884	0.40260973
-40.28	-16.87	0.883011962	0.09225036
-39.28	-16.87	1.062127347	-0.074386582
-74.28	-15.87	-0.035221957	-1.409392661
-73.28	-15.87	-0.15626277	-1.580602125
-72.28	-15.87	-0.511789765	-2.073270755
-71.28	-15.87	-0.518189243	-2.514857748
-70.28	-15.87	-0.594178497	-2.450649773
-69.28	-15.87	-0.752266513	-1.427331245
-68.28	-15.87	-0.610714277	-1.554527223
-67.28	-15.87	-0.401400518	-1.697302305
-66.28	-15.87	0.08100051	-0.806148863
-65.28	-15.87	0.35951309	-1.606544504
-64.28	-15.87	0.371539698	-1.025028785
-63.28	-15.87	-0.111973864	-1.376338948
-62.28	-15.87	-0.060707934	-1.266584075
-61.28	-15.87	3.475762999	-0.893113221
-60.28	-15.87	4.07803914	-0.766230915
-59.28	-15.87	3.445123362	-1.218253705
-58.28	-15.87	3.340208182	-1.753714844
-57.28	-15.87	2.87412226	-0.816426922
-56.28	-15.87	2.616059602	-0.868190482
-55.28	-15.87	2.46566575	-0.485828308
-54.28	-15.87	3.09569425	-0.20391756
-53.28	-15.87	2.835723978	-0.295327195
-52.28	-15.87	3.430735101	0.01115534
-51.28	-15.87	2.669866919	0.158153586
-50.28	-15.87	2.437080962	0.068506672
-49.28	-15.87	2.861994012	0.095486317
-48.28	-15.87	3.277122235	0.564644045
-47.28	-15.87	0.496184451	0.731409573
-46.28	-15.87	0.184560985	0.675805796
-45.28	-15.87	0.390545068	0.397402316
-44.28	-15.87	0.071787239	1.163132827
-43.28	-15.87	0.728016254	0.745704863
-42.28	-15.87	0.527895142	0.708204647
-41.28	-15.87	0.858713834	0.190462791
-40.28	-15.87	0.963370942	0.013924011
-39.28	-15.87	0.861322232	-0.140416637
-75.28	-14.87	-0.504200414	-2.073554085
-74.28	-14.87	-0.208236949	-2.32381567
-73.28	-14.87	-0.207512495	-2.088952261
-72.28	-14.87	-0.586292166	-1.520798219
-71.28	-14.87	-0.620498201	-1.419855829
-70.28	-14.87	-0.613661977	-1.293453695
-69.28	-14.87	-0.702067064	-1.277109779
-68.28	-14.87	1.802869274	0.265271201
-67.28	-14.87	2.094338232	-0.048771209
-66.28	-14.87	2.867290883	-0.233824428
-65.28	-14.87	3.012294878	0.131143129
-64.28	-14.87	2.491728208	-0.021656138
-63.28	-14.87	2.846783783	-0.824109738
-62.28	-14.87	2.699491658	-0.882773831
-61.28	-14.87	2.921294946	-1.135422951
-60.28	-14.87	2.622765697	-0.72312723
-59.28	-14.87	2.307388854	-1.070301696
-58.28	-14.87	3.010326352	-1.802238745
-57.28	-14.87	2.47516993	-0.789778732
-56.28	-14.87	2.87836197	-0.736971782
-55.28	-14.87	3.658123301	-0.186163301
-54.28	-14.87	3.441315249	-0.449749649
-53.28	-14.87	2.684738219	-0.364663067
-52.28	-14.87	3.128794652	-0.568661807
-51.28	-14.87	2.808794477	-0.645995131
-50.28	-14.87	2.59199945	-0.049070168
-49.28	-14.87	4.005004734	-0.196916133
-48.28	-14.87	0.214444592	-0.478850912
-47.28	-14.87	0.343680948	0.031564938
-46.28	-14.87	0.358751294	0.445310411
-45.28	-14.87	0.499207754	0.150204141
-44.28	-14.87	0.744666734	1.052262442
-43.28	-14.87	0.01091224	0.889854358
-42.28	-14.87	-0.03283146	0.595789778
-41.28	-14.87	0.66406437	0.854786615
-40.28	-14.87	0.557969502	0.389767448
-39.28	-14.87	1.11333476	-0.099227659
-76.28	-13.87	-0.301337098	-2.574805483
-75.28	-13.87	-0.693122872	-2.59420966
-74.28	-13.87	1.127302517	-0.4986022
-73.28	-13.87	1.01320256	-0.201591245
-72.28	-13.87	-0.51415237	-0.747703518
-71.28	-13.87	-0.532018993	-0.619990587
-70.28	-13.87	-0.38878628	-0.70740245
-69.28	-13.87	1.519631507	0.087531249
-68.28	-13.87	2.356196333	-0.04205714
-67.28	-13.87	3.505560291	-0.327848877
-66.28	-13.87	4.091748653	0.147363744
-65.28	-13.87	3.648211159	-0.009496575
-64.28	-13.87	2.685800277	-1.036997237
-63.28	-13.87	2.788967738	-1.498033627
-62.28	-13.87	2.860756531	-0.833147942
-61.28	-13.87	2.777719389	-0.869964228
-60.28	-13.87	3.160137276	-1.614442111
-59.28	-13.87	2.65086277	-0.999698595
-58.28	-13.87	2.831801228	-1.872984566
-57.28	-13.87	3.29123155	-0.260401889
-56.28	-13.87	3.265341825	-0.529783212
-55.28	-13.87	3.243421884	-0.237905673
-54.28	-13.87	3.075969066	-0.26743663
-53.28	-13.87	2.954435033	-0.393996272
-52.28	-13.87	2.409417004	-0.262196034
-51.28	-13.87	2.541894574	-0.705421094
-50.28	-13.87	2.485571986	-0.134776105
-49.28	-13.87	3.247715627	0.049983201
-48.28	-13.87	0.47967517	-0.270773865
-47.28	-13.87	0.120588117	0.185418067
-46.28	-13.87	0.227207612	0.299997331
-45.28	-13.87	0.324833388	0.423279961
-44.28	-13.87	0.244277525	0.976582315
-43.28	-13.87	0.143185469	0.800890554
-42.28	-13.87	-0.040256225	0.821386727
-41.28	-13.87	0.393882446	0.833668304
-40.28	-13.87	1.08561114	0.29191245
-39.28	-13.87	1.068712231	0.018835708
-76.28	-12.87	0.849189935	-1.906722906
-75.28	-12.87	0.49795099	-2.030238183
-74.28	-12.87	0.301948112	-0.855042038
-73.28	-12.87	0.318827918	-0.684225985
-72.28	-12.87	0.233649224	-0.132690653
-71.28	-12.87	0.245268904	-0.416047127
-70.28	-12.87	-0.400166154	-0.007635423
-69.28	-12.87	2.322934947	0.277968503
-68.28	-12.87	2.457478848	-1.954298505
-67.28	-12.87	2.656137341	-0.938993837
-66.28	-12.87	2.520240334	-1.170972533
-65.28	-12.87	3.027887931	-1.383930397
-64.28	-12.87	2.618713865	-1.573857288
-63.28	-12.87	3.523441449	-1.490453966
-62.28	-12.87	2.864769988	-0.644202084
-61.28	-12.87	3.231214052	-0.80257966
-60.28	-12.87	2.948847617	-1.066882761
-59.28	-12.87	2.869994036	-1.107054657
-58.28	-12.87	3.342561625	-1.53483897
-57.28	-12.87	2.974087726	-0.411087447
-56.28	-12.87	2.701167201	-0.594192803
-55.28	-12.87	2.948501307	-0.765719399
-54.28	-12.87	2.557974923	-0.699525721
-53.28	-12.87	3.151510697	-0.78240987
-52.28	-12.87	2.916220577	-0.756344413
-51.28	-12.87	3.156396008	-0.701942997
-50.28	-12.87	2.868468175	-0.738077818
-49.28	-12.87	-0.00958446	-0.455665486
-48.28	-12.87	-0.128013801	-0.353085348
-47.28	-12.87	0.216798063	0.105064856
-46.28	-12.87	0.261455822	0.279882414
-45.28	-12.87	0.227239854	0.1570397
-44.28	-12.87	0.132128183	0.617734119
-43.28	-12.87	-0.113288414	0.659775527
-42.28	-12.87	-0.099854373	0.771513596
-41.28	-12.87	-0.450973801	0.878374113
-40.28	-12.87	0.437474501	0.261924522
-39.28	-12.87	0.743184738	0.550738047
-76.28	-11.87	0.574174576	-1.907526144
-75.28	-11.87	0.768215208	-0.590920482
-74.28	-11.87	0.868213297	0.127576033
-73.28	-11.87	0.826531167	-0.304635379
-72.28	-11.87	0.548441005	-0.14354901
-71.28	-11.87	0.31396294	-1.055248608
-70.28	-11.87	0.184660717	-1.157258083
-69.28	-11.87	2.256362352	-0.974253251
-68.28	-11.87	2.393949459	-1.393991393
-67.28	-11.87	2.680757938	-1.10547836
-66.28	-11.87	2.778708672	-1.722024094
-65.28	-11.87	2.922843484	-2.007413386
-64.28	-11.87	2.698246563	-1.843048889
-63.28	-11.87	2.782072605	-1.834917804
-62.28	-11.87	2.922386478	-1.767721389
-61.28	-11.87	3.525213462	-0.491061681
-60.28	-11.87	3.04345367	-0.03637608
-59.28	-11.87	2.95250703	-1.378771921
-58.28	-11.87	0.334137171	-1.769181549
-57.28	-11.87	-0.00061385	-1.732414073
-56.28	-11.87	0.25935317	-1.953081548
-55.28	-11.87	-0.18211242	-2.510916326
-54.28	-11.87	-0.274294987	-1.587495782
-53.28	-11.87	2.150153149	-1.069219888
-52.28	-11.87	2.215692154	-1.142977491
-51.28	-11.87	2.579384223	-1.032664695
-50.28	-11.87	2.721609843	-1.103047887
-49.28	-11.87	-0.482364975	-0.507090402
-48.28	-11.87	-0.547180247	-0.481682781
-47.28	-11.87	-0.162827643	-0.003537089
-46.28	-11.87	-0.322659144	0.068642668
-45.28	-11.87	-0.277713276	0.365936307
-44.28	-11.87	-0.220662309	0.252936811
-43.28	-11.87	-0.026667693	0.886735281
-42.28	-11.87	-0.16472968	0.917726457
-41.28	-11.87	-0.217313403	0.990213569
-40.28	-11.87	0.576891355	0.59672824
-39.28	-11.87	0.32504611	0.795584958
-38.28	-11.87	0.628579645	0.473900033
-77.28	-10.87	-0.657011611	-2.566078605
-76.28	-10.87	0.124192997	-2.125573432
-75.28	-10.87	0.562672818	-0.564625057
-74.28	-10.87	0.922089072	0.072617141
-73.28	-10.87	0.487813551	-0.720413716
-72.28	-10.87	0.809054842	-1.549424142
-71.28	-10.87	0.623448432	-1.186491541
-70.28	-10.87	0.668662376	-1.260775655
-69.28	-10.87	0.15171406	-1.140173736
-68.28	-10.87	0.236995168	-0.728540559
-67.28	-10.87	0.262964343	-1.081233732
-66.28	-10.87	0.453054666	-1.461346425
-65.28	-10.87	4.743173635	-1.248834971
-64.28	-10.87	2.596950011	-1.346813738
-63.28	-10.87	4.382076371	-1.223332443
-62.28	-10.87	3.187088828	-1.231380203
-61.28	-10.87	3.144579512	-1.708974897
-60.28	-10.87	3.186098483	-1.324749039
-59.28	-10.87	3.594563623	-1.317890993
-58.28	-10.87	0.288266833	-2.205799294
-57.28	-10.87	0.114071872	-1.980888674
-56.28	-10.87	-0.000195783	-2.274630885
-55.28	-10.87	-0.045168095	-1.805946326
-54.28	-10.87	0.252228838	-1.889106199
-53.28	-10.87	-0.036331696	-1.791490302
-52.28	-10.87	-0.094773434	-1.906527514
-51.28	-10.87	-0.160353711	-1.120942024
-50.28	-10.87	-0.214857367	-0.951483771
-49.28	-10.87	-0.364210283	-0.466084542
-48.28	-10.87	-0.304225531	-0.724440267
-47.28	-10.87	-0.199447851	0.147102765
-46.28	-10.87	-0.273632187	0.148787044
-45.28	-10.87	-0.278653165	0.33630764
-44.28	-10.87	-0.240381536	0.537025761
-43.28	-10.87	0.139469914	1.504542895
-42.28	-10.87	0.037629082	0.823626229
-41.28	-10.87	0.245233418	1.107080371
-40.28	-10.87	-0.004251265	1.332216494
-39.28	-10.87	0.36564337	0.754640877
-38.28	-10.87	0.103521331	-0.044077174
-37.28	-10.87	0.463836224	0.36223561
-78.28	-9.873	-0.583530491	-2.303633923
-77.28	-9.873	-0.085580022	-1.645852222
-76.28	-9.873	-0.325314457	-2.323596858
-75.28	-9.873	0.606723368	-0.555214515
-74.28	-9.873	0.38781597	-1.255701462
-73.28	-9.873	0.73990532	-2.459797552
-72.28	-9.873	0.849379803	-1.915304051
-71.28	-9.873	0.75939138	-2.20710921
-70.28	-9.873	0.672207878	-1.163693617
-69.28	-9.873	0.231776785	-1.014813834
-68.28	-9.873	0.341323255	-0.563320281
-67.28	-9.873	0.374211104	-0.98409923
-66.28	-9.873	0.944252529	-1.623973023
-65.28	-9.873	0.477648838	-2.149306042
-64.28	-9.873	3.058528906	-1.653287984
-63.28	-9.873	3.086509339	-1.187148724
-62.28	-9.873	2.969183751	-1.15423395
-61.28	-9.873	3.446479836	-1.709709439
-60.28	-9.873	3.33746505	-1.825189729
-59.28	-9.873	0.093067356	-2.503640072
-58.28	-9.873	0.339183242	-2.228463261
-57.28	-9.873	0.318907026	-2.018839945
-56.28	-9.873	-0.002194824	-2.412856518
-55.28	-9.873	0.119843805	-2.000483019
-54.28	-9.873	-0.069332947	-1.526159945
-53.28	-9.873	0.294974267	-1.765333788
-52.28	-9.873	0.22746538	-2.07701398
-51.28	-9.873	0.065775924	-1.906571201
-50.28	-9.873	-0.208178403	-1.979651041
-49.28	-9.873	-0.240416194	-1.85057009
-48.28	-9.873	-0.313984155	-0.439595763
-47.28	-9.873	-0.104946091	0.333001391
-46.28	-9.873	-0.278791649	0.339910456
-45.28	-9.873	-0.218062072	0.288234698
-44.28	-9.873	-0.223753173	0.468617231
-43.28	-9.873	-0.234099228	0.521468056
-42.28	-9.873	-0.142954174	0.967204802
-41.28	-9.873	0.094643346	1.099613722
-40.28	-9.873	0.236314287	0.661126867
-39.28	-9.873	1.118804668	0.668671997
-38.28	-9.873	0.692074371	0.051293856
-37.28	-9.873	0.488016897	-0.031216629
-36.28	-9.873	0.351685513	0.154884843
-78.28	-8.873	-0.459339344	-1.289791831
-77.28	-8.873	-0.370138796	-1.732161236
-76.28	-8.873	-0.201796527	-1.457133052
-75.28	-8.873	0.360184583	-0.804700947
-74.28	-8.873	0.923517462	-1.909982
-73.28	-8.873	0.755751669	-1.877105038
-72.28	-8.873	0.778898083	-2.050784598
-71.28	-8.873	0.849154733	-2.02546937
-70.28	-8.873	0.748727623	-1.298870915
-69.28	-8.873	0.555458188	-1.095846809
-68.28	-8.873	0.969068796	-0.811077209
-67.28	-8.873	0.343485832	-1.027801945
-66.28	-8.873	0.294669183	-1.831850295
-65.28	-8.873	0.548024488	-1.552895862
-64.28	-8.873	3.363280509	-1.195349366
-63.28	-8.873	3.530700006	-1.082981755
-62.28	-8.873	2.524350005	-1.494280358
-61.28	-8.873	3.184185782	-1.273070085
-60.28	-8.873	3.533182489	-1.519775139
-59.28	-8.873	0.227489124	-2.108163117
-58.28	-8.873	0.172274482	-2.284050305
-57.28	-8.873	0.192717254	-2.34052549
-56.28	-8.873	0.08042884	-2.042187985
-55.28	-8.873	-0.01336077	-1.852247992
-54.28	-8.873	0.033642668	-1.904672172
-53.28	-8.873	0.027882043	-1.730331702
-52.28	-8.873	0.442776387	-1.586010894
-51.28	-8.873	-0.023212243	-1.95992513
-50.28	-8.873	-0.133065764	-1.918662981
-49.28	-8.873	-0.006623386	-1.698121291
-48.28	-8.873	-0.20034078	-1.534468315
-47.28	-8.873	-0.135581012	0.276014963
-46.28	-8.873	-0.188857697	0.476761602
-45.28	-8.873	-0.15923607	0.176669396
-44.28	-8.873	-0.199944981	0.435395005
-43.28	-8.873	-0.211226047	0.571050103
-42.28	-8.873	-0.006245079	1.323878056
-41.28	-8.873	0.030415947	0.965130907
-40.28	-8.873	0.13967851	1.129843311
-39.28	-8.873	0.181623151	0.860153038
-38.28	-8.873	1.529516688	-1.028056815
-37.28	-8.873	0.6006584	-0.506153273
-36.28	-8.873	0.233414262	-0.472864059
-35.28	-8.873	0.41105391	-0.614625329
-79.28	-7.873	0.480927604	-0.313699443
-78.28	-7.873	-0.215361875	-1.145562687
-77.28	-7.873	0.131306166	-0.79717467
-76.28	-7.873	0.40185662	-0.70842985
-75.28	-7.873	-0.052344865	-2.413796873
-74.28	-7.873	1.249507392	-2.244342018
-73.28	-7.873	0.945722742	-1.940997857
-72.28	-7.873	1.004075102	-1.726200341
-71.28	-7.873	0.703972965	-2.024799022
-70.28	-7.873	0.963080466	-2.103451535
-69.28	-7.873	1.086073848	-2.286440023
-68.28	-7.873	0.613132009	-2.29911773
-67.28	-7.873	0.407088253	-1.873246576
-66.28	-7.873	0.503222626	-1.451779174
-65.28	-7.873	0.565906718	-1.414901271
-64.28	-7.873	3.533829406	-0.998758467
-63.28	-7.873	3.001048381	-0.953656059
-62.28	-7.873	3.469585353	-1.115001885
-61.28	-7.873	3.506782559	-1.197419242
-60.28	-7.873	0.31103385	-2.387182118
-59.28	-7.873	0.313156502	-1.816125125
-58.28	-7.873	0.524389889	-2.014637765
-57.28	-7.873	0.318845671	-1.784368654
-56.28	-7.873	0.482196006	-1.945676649
-55.28	-7.873	0.108646411	-1.485715902
-54.28	-7.873	0.080666879	-1.58674447
-53.28	-7.873	0.197354053	-1.589361041
-52.28	-7.873	0.083591104	-1.868888442
-51.28	-7.873	-0.254006653	-2.723702617
-50.28	-7.873	-0.053428314	-2.219764783
-49.28	-7.873	0.248933117	-1.667882391
-48.28	-7.873	-0.004264206	-1.183537881
-47.28	-7.873	0.098944761	-0.722696989
-46.28	-7.873	0.005154661	0.883248106
-45.28	-7.873	-0.203628027	0.471102608
-44.28	-7.873	-0.215471198	0.532970245
-43.28	-7.873	-0.244063082	0.354750633
-42.28	-7.873	-0.022550697	1.234396657
-41.28	-7.873	-0.197204876	0.811604333
-40.28	-7.873	-0.122134154	0.649878913
-39.28	-7.873	0.324752259	0.317441553
-38.28	-7.873	0.200955993	-0.800852409
-37.28	-7.873	1.180278479	-0.477703041
-36.28	-7.873	0.46106334	-0.505598203
-35.28	-7.873	0.416993823	-0.554726008
-79.28	-6.873	0.782930744	-0.50728033
-78.28	-6.873	-0.255338089	-0.787946131
-77.28	-6.873	-0.271347779	-0.504105994
-76.28	-6.873	0.524682038	-0.478692994
-75.28	-6.873	0.745858725	-1.629929738
-74.28	-6.873	0.92514087	-2.190444956
-73.28	-6.873	0.980160271	-2.39711908
-72.28	-6.873	1.014097908	-1.745305077
-71.28	-6.873	0.96173364	-1.785744688
-70.28	-6.873	0.926591167	-2.026127986
-69.28	-6.873	1.182617434	-2.012097877
-68.28	-6.873	0.758930626	-2.100198003
-67.28	-6.873	0.631215322	-1.350714726
-66.28	-6.873	0.455820538	-1.581466445
-65.28	-6.873	0.633237205	-1.260424472
-64.28	-6.873	3.21866726	-0.907037589
-63.28	-6.873	2.789615936	-1.373177674
-62.28	-6.873	2.599012762	-1.548266658
-61.28	-6.873	0.187258387	-1.944997756
-60.28	-6.873	0.830893695	-1.92139359
-59.28	-6.873	0.331446103	-1.92813105
-58.28	-6.873	0.108822669	-2.377422572
-57.28	-6.873	0.292395797	-1.980714967
-56.28	-6.873	0.352574004	-1.636981581
-55.28	-6.873	-0.071562651	-1.912581813
-54.28	-6.873	0.021343717	-2.252400573
-53.28	-6.873	-0.1165292	-1.784509122
-52.28	-6.873	-0.179994655	-2.042754321
-51.28	-6.873	-0.161214017	-2.293342567
-50.28	-6.873	-0.243024638	-1.881979115
-49.28	-6.873	-0.047987952	-1.191707293
-48.28	-6.873	-0.004389126	-1.121248825
-47.28	-6.873	0.68848499	-0.469136999
-46.28	-6.873	0.763241407	-0.23408747
-45.28	-6.873	0.310574061	1.493727848
-44.28	-6.873	-0.195898607	0.734376421
-43.28	-6.873	-0.001547361	1.214573536
-42.28	-6.873	0.026806926	0.850382772
-41.28	-6.873	-0.194174163	0.266777378
-40.28	-6.873	-0.257671442	0.929609654
-39.28	-6.873	-0.141861654	0.34422801
-38.28	-6.873	0.258262987	-0.93036974
-37.28	-6.873	0.642183812	-0.494906514
-36.28	-6.873	0.577857882	-0.548328067
-35.28	-6.873	0.902722991	-0.65996141
-80.28	-5.873	0.393202075	-1.038200881
-79.28	-5.873	0.250063792	-0.909416024
-78.28	-5.873	0.44301357	-1.420644202
-77.28	-5.873	0.742985918	-0.482246152
-76.28	-5.873	1.157260103	-1.565926991
-75.28	-5.873	1.449839983	-1.594569033
-74.28	-5.873	0.952589631	-1.420244386
-73.28	-5.873	0.524242556	-2.02366309
-72.28	-5.873	0.88083684	-2.209131752
-71.28	-5.873	0.814030945	-2.302251469
-70.28	-5.873	1.045982661	-2.094486424
-69.28	-5.873	0.912682517	-2.156568924
-68.28	-5.873	0.980339013	-2.172554755
-67.28	-5.873	0.533238487	-1.558070349
-66.28	-5.873	0.405976225	-1.618641142
-65.28	-5.873	0.670919414	-1.395405597
-64.28	-5.873	0.833022757	-1.724535212
-63.28	-5.873	0.500385497	-1.646793696
-62.28	-5.873	0.380004849	-2.363601838
-61.28	-5.873	0.412544723	-1.518127269
-60.28	-5.873	0.44864963	-1.911428196
-59.28	-5.873	0.253025594	-2.036854119
-58.28	-5.873	0.659400537	-2.101830297
-57.28	-5.873	-0.019640487	-2.608397279
-56.28	-5.873	-0.027331108	-2.291319119
-55.28	-5.873	0.009976073	-2.333261624
-54.28	-5.873	-0.25767646	-1.936671978
-53.28	-5.873	-0.175119559	-1.914348187
-52.28	-5.873	-0.190489306	-2.022274961
-51.28	-5.873	-0.345322347	-1.947122474
-50.28	-5.873	-0.305433782	-2.260252265
-49.28	-5.873	-0.031839723	-1.62876511
-48.28	-5.873	0.103076694	-1.160915084
-47.28	-5.873	0.123805663	-0.37678806
-46.28	-5.873	0.144457452	-0.355961378
-45.28	-5.873	0.024247972	-0.794614472
-44.28	-5.873	0.014881091	0.959468038
-43.28	-5.873	-0.015510952	0.791500314
-42.28	-5.873	0.013399839	0.551520323
-41.28	-5.873	-0.342776754	0.338049276
-40.28	-5.873	-0.251761421	0.356428559
-39.28	-5.873	-0.249387853	0.368876784
-38.28	-5.873	0.136266811	-0.185023248
-37.28	-5.873	0.183149744	-0.305439983
-36.28	-5.873	0.436056876	-0.764798821
-35.28	-5.873	0.593414568	-0.851318788
-81.28	-4.873	1.047768572	-0.230263114
-80.28	-4.873	0.003269404	-1.002186476
-79.28	-4.873	0.500685981	-1.118141454
-78.28	-4.873	1.420729885	-0.149469297
-77.28	-4.873	1.079448558	-1.143143173
-76.28	-4.873	1.149380268	-1.692321549
-75.28	-4.873	1.479704896	-1.878729042
-74.28	-4.873	1.434222975	-1.590981416
-73.28	-4.873	1.055983604	-2.158215194
-72.28	-4.873	0.924623228	-2.270960118
-71.28	-4.873	0.912454942	-2.039954119
-70.28	-4.873	1.684690423	-1.987256017
-69.28	-4.873	0.294176382	-1.930901813
-68.28	-4.873	0.50394484	-1.644606638
-67.28	-4.873	-0.041293092	-1.725809388
-66.28	-4.873	0.332001858	-2.031467751
-65.28	-4.873	0.404375248	-1.836455175
-64.28	-4.873	0.499971171	-1.53597676
-63.28	-4.873	0.916347446	-1.470066978
-62.28	-4.873	0.821683102	-1.240817951
-61.28	-4.873	0.618738464	-1.858091204
-60.28	-4.873	0.568461808	-1.765117618
-59.28	-4.873	0.617585125	-1.720924353
-58.28	-4.873	0.808701332	-1.985093886
-57.28	-4.873	0.628299459	-1.9657423
-56.28	-4.873	0.392982413	-1.715067591
-55.28	-4.873	0.151607641	-1.923203502
-54.28	-4.873	0.168227269	-1.667117892
-53.28	-4.873	0.116737523	-1.437659925
-52.28	-4.873	0.167473707	-1.980756169
-51.28	-4.873	-0.278065467	-2.448804617
-50.28	-4.873	-0.289025814	-2.122896312
-49.28	-4.873	-0.075386618	-1.620502311
-48.28	-4.873	-0.210482936	-1.636195912
-47.28	-4.873	0.155014721	-0.31396745
-46.28	-4.873	0.127360429	-0.41372172
-45.28	-4.873	0.111037404	-0.815222764
-44.28	-4.873	-0.118346209	0.979631351
-43.28	-4.873	-0.079923879	0.936120142
-42.28	-4.873	0.062022339	0.795378763
-41.28	-4.873	-0.382946298	-0.297059746
-40.28	-4.873	-0.350921418	-0.005214064
-39.28	-4.873	-0.275701481	0.273385083
-38.28	-4.873	-0.260033897	-1.245649524
-37.28	-4.873	0.090224064	-0.206589947
-80.28	-3.873	-0.035227093	-0.558874209
-79.28	-3.873	0.328260522	-0.879884651
-78.28	-3.873	0.586777685	-1.368942589
-77.28	-3.873	0.882487005	-1.873721078
-76.28	-3.873	1.058095544	-1.961957353
-75.28	-3.873	1.718456709	-0.300877021
-74.28	-3.873	1.534069707	-0.621960074
-73.28	-3.873	1.24114264	-0.95300527
-72.28	-3.873	1.503461827	-0.845766224
-71.28	-3.873	1.333076502	-1.724789335
-70.28	-3.873	0.564938922	-1.857142661
-69.28	-3.873	0.208434376	-1.881910035
-68.28	-3.873	0.396946411	-2.017885219
-67.28	-3.873	0.01695014	-2.524706392
-66.28	-3.873	0.093957014	-2.416305317
-65.28	-3.873	0.348527871	-1.936450091
-64.28	-3.873	0.277027387	-1.721193233
-63.28	-3.873	0.826668011	-1.164496013
-62.28	-3.873	0.775517034	-1.342393511
-61.28	-3.873	1.419322392	-1.515875487
-60.28	-3.873	1.175728412	-1.175961401
-59.28	-3.873	0.246662617	-1.720238044
-58.28	-3.873	0.400495912	-1.902187371
-57.28	-3.873	0.460720457	-1.872751124
-56.28	-3.873	0.299355551	-1.844505453
-55.28	-3.873	0.1988041	-1.522519004
-54.28	-3.873	0.539215823	-2.025723988
-53.28	-3.873	0.253227073	-1.805829556
-52.28	-3.873	0.006297794	-1.687759338
-51.28	-3.873	-0.139342142	-2.143023586
-50.28	-3.873	0.084582439	-1.497179285
-49.28	-3.873	0.01516399	-1.168090299
-48.28	-3.873	0.166045045	-1.256322959
-47.28	-3.873	0.091572951	-1.301296619
-46.28	-3.873	0.241685489	-0.493387629
-45.28	-3.873	-0.130778381	-0.85626302
-44.28	-3.873	0.286936374	-0.64589131
-43.28	-3.873	0.10244262	1.010848459
-42.28	-3.873	-0.177781507	0.831793696
-41.28	-3.873	-0.326409059	-0.003914262
-40.28	-3.873	-0.332248619	0.141363974
-39.28	-3.873	-0.183199545	0.060015344
-79.28	-2.873	0.245553581	-0.50534427
-78.28	-2.873	0.895937863	-0.571943866
-77.28	-2.873	0.81319133	-0.784469193
-76.28	-2.873	1.232644651	-1.427683549
-75.28	-2.873	1.719719985	-1.565909326
-74.28	-2.873	1.235140387	-2.080753335
-73.28	-2.873	1.718008676	-1.960867569
-72.28	-2.873	1.43079771	-1.4134856
-71.28	-2.873	0.256318128	-1.885877575
-70.28	-2.873	0.141205856	-1.665403837
-69.28	-2.873	0.226259648	-1.800792178
-68.28	-2.873	-0.09480104	-2.316136799
-67.28	-2.873	-0.06649674	-2.586879416
-66.28	-2.873	-0.05518883	-2.626784742
-65.28	-2.873	-0.213637241	-2.861824679
-64.28	-2.873	0.115540396	-2.154888359
-63.28	-2.873	0.649243517	-1.369246589
-62.28	-2.873	0.62692784	-1.590495657
-61.28	-2.873	0.876490239	-1.586512143
-60.28	-2.873	0.850416538	-1.08762945
-59.28	-2.873	1.212887848	-1.202945375
-58.28	-2.873	0.887920326	-1.190825055
-57.28	-2.873	0.776507743	-1.270269961
-56.28	-2.873	0.143621666	-1.742487404
-55.28	-2.873	0.160189555	-1.852987063
-54.28	-2.873	0.271647684	-2.017438571
-53.28	-2.873	0.265131499	-1.703435801
-52.28	-2.873	0.355227118	-1.602902848
-51.28	-2.873	-0.135890212	-1.913018437
-50.28	-2.873	0.036792639	-1.441381841
-49.28	-2.873	0.085044862	-1.066566825
-48.28	-2.873	0.197991024	-1.056945211
-47.28	-2.873	0.350956688	-0.530925851
-46.28	-2.873	0.132111964	-0.404331904
-45.28	-2.873	-0.034855506	-1.096897946
-44.28	-2.873	0.252295257	-0.714714002
-43.28	-2.873	0.080464421	-0.843114178
-42.28	-2.873	0.063238121	-0.687771881
-41.28	-2.873	-0.303186353	0.13390761
-40.28	-2.873	-0.25560291	0.143203168
-80.28	-1.873	0.01881198	-1.175875008
-79.28	-1.873	0.513297109	0.172693539
-78.28	-1.873	0.674317454	0.235307886
-77.28	-1.873	0.81578146	-0.210334743
-76.28	-1.873	1.292556153	-1.240429587
-75.28	-1.873	1.036242669	-1.680912842
-74.28	-1.873	1.039585663	-1.707899769
-73.28	-1.873	0.960472937	-1.990776171
-72.28	-1.873	0.428277694	-2.279918687
-71.28	-1.873	0.672625217	-1.999544355
-70.28	-1.873	0.099947818	-2.244996392
-69.28	-1.873	0.059203597	-3.056047679
-68.28	-1.873	-0.151988969	-2.860975108
-67.28	-1.873	0.078876967	-2.319535855
-66.28	-1.873	-0.062562543	-2.463563069
-65.28	-1.873	-0.271245198	-3.402842369
-64.28	-1.873	0.421131895	-2.825569392
-63.28	-1.873	-0.117372062	-2.636375703
-62.28	-1.873	-0.027737586	-2.750631377
-61.28	-1.873	-0.023769018	-2.489983921
-60.28	-1.873	0.726296671	-1.548509694
-59.28	-1.873	0.828771555	-0.814622004
-58.28	-1.873	0.685997253	-0.98102064
-57.28	-1.873	0.831629746	-1.240359512
-56.28	-1.873	0.187826398	-1.728218547
-55.28	-1.873	0.317775317	-1.675706471
-54.28	-1.873	0.759410857	-1.927494894
-53.28	-1.873	0.58331302	-2.138262267
-52.28	-1.873	0.601312624	-1.847007608
-51.28	-1.873	0.127395787	-1.80400706
-50.28	-1.873	-0.044445106	-1.822367446
-49.28	-1.873	0.118358311	-1.097337388
-48.28	-1.873	0.291288414	-1.238901148
-47.28	-1.873	0.360349337	-0.815512859
-46.28	-1.873	0.086895077	-1.039047703
-45.28	-1.873	0.40085886	-0.562281638
-80.28	-0.873	-0.746487648	-1.950662038
-79.28	-0.873	0.40812476	0.812329988
-78.28	-0.873	0.656285522	0.792871694
-77.28	-0.873	0.882924771	0.851388961
-76.28	-0.873	1.45754208	-0.958524038
-75.28	-0.873	0.489381054	-1.420221197
-74.28	-0.873	1.028230297	-1.707130305
-73.28	-0.873	0.579840578	-2.677834463
-72.28	-0.873	0.137582661	-2.459273198
-71.28	-0.873	0.590548079	-1.955322551
-70.28	-0.873	1.237738356	-1.534028172
-69.28	-0.873	0.246022371	-2.583450597
-68.28	-0.873	0.133110418	-2.843286551
-67.28	-0.873	-0.103608743	-3.458945291
-66.28	-0.873	-0.141002271	-2.87987323
-65.28	-0.873	-0.100258561	-2.311534207
-64.28	-0.873	-0.02892779	-2.640567074
-63.28	-0.873	-0.107524825	-2.302091516
-62.28	-0.873	-0.16552852	-2.594153506
-61.28	-0.873	-0.014197778	-2.556101727
-60.28	-0.873	-0.039227313	-2.128880673
-59.28	-0.873	0.197524349	-2.425220907
-58.28	-0.873	-0.110766625	-2.193678017
-57.28	-0.873	-0.044815042	-2.058347365
-56.28	-0.873	-0.07766472	-2.101702471
-55.28	-0.873	0.500971005	-1.6521664
-54.28	-0.873	0.36735281	-1.434693942
-53.28	-0.873	0.157047031	-1.639538545
-52.28	-0.873	0.611382662	-1.493538462
-51.28	-0.873	0.625756101	-1.465666188
-50.28	-0.873	0.071760923	-1.5733739
-49.28	-0.873	0.389673123	-1.157213395
-48.28	-0.873	0.328572073	-1.106279814
-47.28	-0.873	0.45772829	-0.491332741
-79.28	0.127	0.978257641	0.47642035
-78.28	0.127	0.642475489	0.972487765
-77.28	0.127	1.050288783	0.628928045
-76.28	0.127	1.285814805	0.198711287
-75.28	0.127	0.408100543	-2.377902364
-74.28	0.127	0.740817129	-3.592670939
-73.28	0.127	0.10453852	-2.640172505
-72.28	0.127	0.954394769	-1.377145983
-71.28	0.127	0.600674838	-1.911779636
-70.28	0.127	0.658721249	-1.935259268
-69.28	0.127	1.005223258	-1.775331478
-68.28	0.127	-0.123909131	-3.169375089
-67.28	0.127	0.004110834	-3.361218646
-66.28	0.127	-0.241898374	-2.934476612
-65.28	0.127	-0.2858839	-3.436088344
-64.28	0.127	-0.173780714	-2.735211478
-63.28	0.127	-0.095520475	-2.397775651
-62.28	0.127	-0.216208146	-2.507876614
-61.28	0.127	0.003629957	-2.36883163
-60.28	0.127	-0.173670432	-2.138496153
-59.28	0.127	-0.065970784	-2.285250363
-58.28	0.127	-0.134526192	-2.079580056
-57.28	0.127	0.568092453	-2.434693684
-56.28	0.127	0.076332593	-2.360883612
-55.28	0.127	0.352478265	-1.991384349
-54.28	0.127	-0.04009784	-2.391838058
-53.28	0.127	-0.037075287	-1.935215515
-52.28	0.127	0.903516165	-0.887543064
-51.28	0.127	0.435525389	-1.457042429
-50.28	0.127	0.72057718	-1.151355289
-79.28	1.127	-0.099056713	-0.10691571
-78.28	1.127	-0.481142964	-0.055861858
-77.28	1.127	-0.224905629	-0.454024615
-76.28	1.127	0.144031596	-0.697332066
-75.28	1.127	0.257193752	-1.393548094
-74.28	1.127	0.362640965	-2.231545156
-73.28	1.127	0.880160745	-2.153359286
-72.28	1.127	0.706842684	-2.085048979
-71.28	1.127	1.417052225	-2.229506022
-70.28	1.127	0.725003986	-1.788353948
-69.28	1.127	0.644906749	-1.600844041
-68.28	1.127	-0.174006182	-2.900421053
-67.28	1.127	-0.016076358	-3.65456438
-66.28	1.127	-0.319322234	-3.460701692
-65.28	1.127	-0.354993179	-3.070769163
-64.28	1.127	-0.301694471	-2.980619734
-63.28	1.127	-0.123554442	-2.642691964
-62.28	1.127	-0.116103271	-2.732219598
-61.28	1.127	0.10277883	-2.293062097
-60.28	1.127	-0.019655518	-2.894069124
-59.28	1.127	1.246975788	0.006347714
-58.28	1.127	1.8551407	0.094540935
-57.28	1.127	0.858089435	-0.476604045
-56.28	1.127	0.634495411	-0.746223277
-55.28	1.127	0.61731387	-0.638528646
-54.28	1.127	0.719047767	-1.297306775
-53.28	1.127	0.923858132	-1.079775445
-52.28	1.127	0.98492318	-1.005704363
-51.28	1.127	0.867803268	-0.865827112
-50.28	1.127	0.830103408	-0.838528465
-78.28	2.127	-0.312210972	-0.307406436
-77.28	2.127	-0.592194427	-0.502889574
-76.28	2.127	-0.236861272	-0.760887098
-75.28	2.127	0.012386674	-0.877466546
-74.28	2.127	0.237548543	-1.368175655
-73.28	2.127	0.343987186	-1.772781071
-72.28	2.127	1.082719782	-2.01840147
-71.28	2.127	1.521195477	-1.258351814
-70.28	2.127	0.365668019	-1.802226756
-69.28	2.127	0.108342046	-3.126682599
-68.28	2.127	-0.273707593	-3.033221969
-67.28	2.127	-0.160790847	-3.236430903
-66.28	2.127	-0.208361457	-3.093606379
-65.28	2.127	-0.165304437	-2.261642848
-64.28	2.127	-0.169230857	-2.470699358
-63.28	2.127	-0.314386549	-3.059785592
-62.28	2.127	-0.207485812	-2.090309743
-61.28	2.127	0.445083758	-0.868962905
-60.28	2.127	0.969679723	-0.480009151
-59.28	2.127	1.051486624	0.13567938
-58.28	2.127	0.842835484	0.01563958
-57.28	2.127	0.793161445	0.055698749
-56.28	2.127	1.060520396	0.063468064
-55.28	2.127	1.44851262	0.051963545
-54.28	2.127	0.327620319	-1.238185655
-53.28	2.127	0.718036774	-0.596477351
-52.28	2.127	0.60599032	-0.787576499
-51.28	2.127	0.588292952	-0.7323789
-77.28	3.127	-0.701040144	-0.465721199
-76.28	3.127	-0.774409097	-0.65023696
-75.28	3.127	-0.193724895	-0.692530027
-74.28	3.127	0.238142414	-0.986996231
-73.28	3.127	0.349330099	-1.490136059
-72.28	3.127	0.263974484	-1.528218023
-71.28	3.127	1.154215654	-1.664369015
-70.28	3.127	0.840440709	-1.500896896
-69.28	3.127	0.564674354	-1.836595374
-68.28	3.127	0.028463441	-2.561922868
-67.28	3.127	-0.250751865	-4.083240731
-66.28	3.127	-0.317814117	-2.548531744
-65.28	3.127	-0.201000178	-2.617534441
-64.28	3.127	-0.201649568	-2.542399154
-63.28	3.127	0.307766822	-1.557432061
-62.28	3.127	0.904105204	-0.552953727
-61.28	3.127	0.992568499	0.127386296
-60.28	3.127	0.767111194	-0.295001816
-59.28	3.127	1.197114162	0.053625025
-58.28	3.127	0.841037032	0.131510903
-57.28	3.127	1.085782961	-0.022045175
-56.28	3.127	0.883076062	0.061825281
-55.28	3.127	1.165583926	-0.013511355
-54.28	3.127	1.631423016	-0.025274251
-53.28	3.127	0.474718094	-0.804194228
-52.28	3.127	1.037384787	-0.629819209
-51.28	3.127	0.462004621	-0.646137744
-77.28	4.127	-0.55352906	-0.96105595
-76.28	4.127	-0.558598629	-0.55619376
-75.28	4.127	-0.606528485	-0.611422577
-74.28	4.127	0.095055508	-0.34238069
-73.28	4.127	0.163189673	-0.863303076
-72.28	4.127	0.508644988	-1.769495477
-71.28	4.127	0.331652181	-1.601209046
-70.28	4.127	0.410717058	-1.557104829
-69.28	4.127	0.654633109	-0.998131107
-68.28	4.127	0.481667511	-0.954734396
-67.28	4.127	-0.053432013	-2.015436262
-66.28	4.127	-0.367818832	-2.460755191
-65.28	4.127	-0.283900809	-2.188521315
-64.28	4.127	-0.424134811	-2.038452385
-63.28	4.127	0.527718053	-0.738285219
-62.28	4.127	0.60284346	-0.581319104
-61.28	4.127	0.700241224	-0.018564053
-60.28	4.127	0.740468188	0.653866891
-59.28	4.127	1.077083606	0.235152954
-58.28	4.127	1.093837445	0.098475251
-57.28	4.127	1.237572245	-0.006144887
-56.28	4.127	1.77823093	-0.127157034
-55.28	4.127	0.853429255	0.036662104
-54.28	4.127	0.830018797	-0.147389113
-53.28	4.127	0.850110075	-0.71462731
-52.28	4.127	0.946374709	-0.734495768
-77.28	5.127	-0.552444914	-0.557284749
-76.28	5.127	-0.677608705	-0.784090409
-75.28	5.127	-0.634831761	-0.617494842
-74.28	5.127	-0.569242144	-0.399091778
-73.28	5.127	-0.553519351	-0.753989637
-72.28	5.127	-0.253020288	-1.91442051
-71.28	5.127	0.556590996	-1.245003315
-70.28	5.127	0.369951266	-1.355363435
-69.28	5.127	0.784819846	-1.324113017
-68.28	5.127	0.764400204	-1.361281581
-67.28	5.127	0.763963435	-0.639040907
-66.28	5.127	0.338231511	-1.122047231
-65.28	5.127	-0.36808438	-2.068050963
-64.28	5.127	0.045207238	-1.592910564
-63.28	5.127	0.427344146	-0.234116439
-62.28	5.127	0.490481636	-0.351419505
-61.28	5.127	0.2740783	0.181774604
-60.28	5.127	0.828565557	1.055781467
-59.28	5.127	1.872229007	0.627653581
-58.28	5.127	0.945072674	0.686275951
-57.28	5.127	0.872032478	-8.49E-05
-56.28	5.127	1.129908776	-0.022243123
-55.28	5.127	1.475043804	0.07053424
-54.28	5.127	0.931624433	0.151342902
-53.28	5.127	0.564882608	-0.648530535
-77.28	6.127	-0.49682702	0.089139075
-76.28	6.127	-0.867616548	-1.312552077
-75.28	6.127	-0.541988934	-0.225418609
-74.28	6.127	0.012452886	-0.04383076
-73.28	6.127	-0.560128001	-0.970847161
-72.28	6.127	-0.176673545	-0.453170146
-71.28	6.127	0.878034591	-0.866208311
-70.28	6.127	0.769034668	-0.998485932
-69.28	6.127	0.177400105	-1.559557219
-68.28	6.127	0.741134628	-0.991669927
-67.28	6.127	0.602902655	-0.971345554
-66.28	6.127	1.13461825	-1.127895654
-65.28	6.127	-0.111703701	-1.770855342
-64.28	6.127	0.089144333	-1.613536254
-63.28	6.127	0.359503508	-0.789864907
-62.28	6.127	0.300757636	-0.339713199
-61.28	6.127	0.487091884	0.276455785
-60.28	6.127	1.01485981	0.792103591
-59.28	6.127	1.21600817	0.811588091
-58.28	6.127	1.109184375	0.665789807
-57.28	6.127	0.913501552	0.083377019
-77.28	7.127	-0.793583967	-1.603658726
-76.28	7.127	-0.431748478	-0.764915054
-75.28	7.127	-0.488367675	-0.734316192
-74.28	7.127	0.526270253	-0.976123224
-73.28	7.127	0.024985257	-0.699623731
-72.28	7.127	0.031459569	0.010761414
-71.28	7.127	0.239910652	-0.1056729
-70.28	7.127	0.579116107	-1.0177554
-69.28	7.127	0.539346301	-1.070248306
-68.28	7.127	0.331783067	-0.891471267
-67.28	7.127	0.546908276	-1.161103316
-66.28	7.127	0.632007967	-1.021174125
-65.28	7.127	0.870544892	-0.680827462
-64.28	7.127	0.628778486	-1.267567921
-63.28	7.127	0.181232935	-1.413285449
-62.28	7.127	0.052630947	-1.289783131
-61.28	7.127	0.89906543	-0.266766651
-60.28	7.127	0.496724074	-0.172350696
-59.28	7.127	1.326539516	0.822926263
-81.28	8.127	0.225497883	-0.126147464
-80.28	8.127	0.055824909	-0.423615088
-78.28	8.127	-0.572845434	-1.611748562
-77.28	8.127	-0.893795093	-2.333735547
-76.28	8.127	-0.46477775	-2.179607281
-75.28	8.127	-0.508636905	-2.434997815
-74.28	8.127	0.589627105	-1.424699306
-73.28	8.127	0.066041158	-0.319993946
-72.28	8.127	-0.064634945	-0.214752769
-71.28	8.127	0.014503116	-0.381101402
-70.28	8.127	0.033253913	-0.670754501
-69.28	8.127	0.488753041	-0.71725082
-68.28	8.127	0.714509098	-0.560109728
-67.28	8.127	0.323246726	-0.552702297
-66.28	8.127	1.173838681	-0.491899565
-65.28	8.127	0.602151771	-0.713684163
-64.28	8.127	0.411719388	-1.22772978
-63.28	8.127	0.271112536	-1.096241146
-62.28	8.127	0.19637074	-1.345398429
-61.28	8.127	0.278172201	-1.163851357
-60.28	8.127	0.273820371	-1.083331364
-59.28	8.127	0.749961629	0.523643962
-83.28	9.127	0.664054253	1.618306475
-82.28	9.127	0.102822325	-0.611145753
-80.28	9.127	0.912869372	-0.210703153
-79.28	9.127	-0.018382023	-0.23638395
-78.28	9.127	-0.650043759	-1.038328633
-76.28	9.127	-0.656785962	-2.529129311
-75.28	9.127	-0.887793274	-2.710887118
-74.28	9.127	-0.465431737	-3.01844816
-73.28	9.127	0.243921341	-1.520494715
-72.28	9.127	-0.000716908	-0.914868825
-71.28	9.127	0.261759079	-0.39478114
-70.28	9.127	0.148991974	-0.13663362
-69.28	9.127	0.217584354	-1.125952273
-68.28	9.127	0.017856893	-1.956279224
-67.28	9.127	0.065752682	-0.981618085
-66.28	9.127	0.304608808	-0.529311196
-65.28	9.127	0.07701661	-0.642858978
-64.28	9.127	0.306259027	-0.841314635
-63.28	9.127	1.016418857	-0.562417044
-62.28	9.127	0.577419335	-1.286995054
-61.28	9.127	0.114085351	-1.319000859
-85.28	10.127	0	0
-84.28	10.127	1.261148174	1.163089453
-83.28	10.127	1.074964013	1.277044046
-75.28	10.127	-0.714998831	-2.221003025
-74.28	10.127	0.255399154	-1.227252972
-73.28	10.127	-0.155384278	-0.659337249
-72.28	10.127	-0.166624456	-1.72871842
-71.28	10.127	0.3252742	-0.837960566
-70.28	10.127	0.409823514	-1.081825921
-69.28	10.127	0.268208499	-0.816309322
-68.28	10.127	0.16507738	-0.925212296
-67.28	10.127	0.275374123	-0.200321434
-66.28	10.127	0.280054887	-0.459268929
-65.28	10.127	0.353457013	-0.483561782
-64.28	10.127	0.411254368	-0.486739671
-63.28	10.127	0.113619652	-0.735903144
-85.28	11.127	0	0
-84.28	11.127	0	0
-74.28	11.127	0.496687963	-0.953205576
-73.28	11.127	0.263144387	-0.692123199
-72.28	11.127	0.002567653	-1.502314323
-70.28	11.127	0.481212553	-0.93238389
-69.28	11.127	0.031299022	-0.438247364
-86.28	12.127	0	0
-85.28	12.127	0	0
-88.28	13.127	0	0
-87.28	13.127	0	0
-86.28	13.127	0	0
-85.28	13.127	0	0
-91.28	14.127	0	0
-90.28	14.127	0	0
-89.28	14.127	0	0
-88.28	14.127	0	0
-87.28	14.127	0	0
-86.28	14.127	0	0
-85.28	14.127	0	0
-92.28	15.127	0	0
-91.28	15.127	0	0
-90.28	15.127	0	0
-89.28	15.127	0	0
-88.28	15.127	0	0
-87.28	15.127	0	0
-86.28	15.127	0	0
-85.28	15.127	0	0
-84.28	15.127	0	0
-97.28	16.127	2.957248661	1.67357001
-96.28	16.127	2.159160933	1.799182158
-95.28	16.127	2.022894367	1.178992694
-94.28	16.127	3.135431839	2.093769078
-93.28	16.127	1.50917752	1.861218194
-92.28	16.127	0	0
-91.28	16.127	0	0
-90.28	16.127	0.7698358	1.377753982
-89.28	16.127	1.003696253	1.531222315
-100.3	17.127	1.090063274	1.448469515
-99.28	17.127	1.8252164	1.455090146
-98.28	17.127	1.219289109	1.067785077
-97.28	17.127	1.029224808	1.110891135
-96.28	17.127	0.461004213	0.198741557
-95.28	17.127	0.715967465	0.41143383
-94.28	17.127	1.649666727	0.466222575
-93.28	17.127	0.713490933	0.646343704
-92.28	17.127	1.164539041	1.087996513
-91.28	17.127	1.640056757	1.29248471
-90.28	17.127	1.015371145	0.948811067
-89.28	17.127	1.669312195	1.550042739
-88.28	17.127	1.574332532	1.253234233
-102.3	18.127	3.297530404	1.579424513
-101.3	18.127	3.305027794	1.771810126
-100.3	18.127	1.68448665	1.933835643
-99.28	18.127	1.201671057	1.033736364
-98.28	18.127	1.136150481	0.779058426
-97.28	18.127	0.533279928	0.760080736
-96.28	18.127	0.514350373	0.638849355
-95.28	18.127	0.524912489	0.992382776
-94.28	18.127	0.948370784	1.137951679
-93.28	18.127	0.826185854	1.007738107
-92.28	18.127	1.090104425	1.283569073
-91.28	18.127	1.38489201	0.853804506
-90.28	18.127	0.242418215	1.183513785
-89.28	18.127	0.413535932	1.002218827
-88.28	18.127	0.611233079	1.198125608
-104.3	19.127	1.880864442	2.009789149
-103.3	19.127	1.26183489	0.801780373
-102.3	19.127	1.00908658	0.949934354
-101.3	19.127	1.908324783	0.662147962
-100.3	19.127	1.662839644	0.860205434
-99.28	19.127	0.679524491	1.03464566
-98.28	19.127	0	0
-97.28	19.127	1.463495214	0.966223124
-96.28	19.127	0.67332174	1.111690879
-90.28	19.127	1.005298707	1.155271101
-89.28	19.127	0.974943688	1.213436005
-88.28	19.127	0.797245474	1.602443415
-105.3	20.127	1.207569564	1.255106337
-104.3	20.127	3.033231337	0.790465053
-103.3	20.127	1.45258497	0.804102812
-102.3	20.127	1.714323115	0.424683162
-101.3	20.127	-0.710332441	-1.968442753
-100.3	20.127	-0.373099431	-1.683572337
-99.28	20.127	1.212640836	2.260637285
-98.28	20.127	0.661743834	0.889446347
-97.28	20.127	1.934758476	1.304398904
-90.28	20.127	1.724037521	1.326325615
-89.28	20.127	1.258230574	1.159596269
-88.28	20.127	2.463633043	0.934273285
-105.3	21.127	1.377174266	1.367886332
-104.3	21.127	1.266788387	0.964224287
-103.3	21.127	0.889495692	0.190311719
-102.3	21.127	-1.101865574	-1.944106134
-101.3	21.127	-0.598193704	-1.270793393
-100.3	21.127	0	0
-99.28	21.127	0.434256427	0.894674963
-98.28	21.127	0.466801163	0.66720294
-97.28	21.127	1.499616666	0.78011065
-89.28	21.127	0.925867032	0.914432676
-88.28	21.127	0.629417514	1.295455699
-87.28	21.127	1.60613916	1.10236098
-105.3	22.127	0	0
-104.3	22.127	-0.894544936	-2.042952903
-103.3	22.127	-0.658810651	-1.340829582
-102.3	22.127	-0.450998802	-1.225442348
-101.3	22.127	-0.403267753	-1.326397556
-100.3	22.127	0	0
-99.28	22.127	0.909003685	1.056079953
-98.28	22.127	1.785127956	1.157338949
-106.3	23.127	0	0
-105.3	23.127	-0.424331844	-0.93089277
-104.3	23.127	-0.770248993	-1.623490916
-103.3	23.127	-0.356440049	-1.266504342
-102.3	23.127	-0.467026525	-1.439061947
-101.3	23.127	-0.52558075	-1.396167632
-100.3	23.127	0	0
-99.28	23.127	1.154815151	0.82999491
-98.28	23.127	1.569970044	1.016111882
-107.3	24.127	0	0
-106.3	24.127	-0.890776076	-0.750760307
-105.3	24.127	-0.973705923	-1.834096017
-104.3	24.127	-0.637199221	-1.571600682
-103.3	24.127	-0.605244739	-1.312527586
-100.3	24.127	2.818188128	1.794446912
-99.28	24.127	0.683568173	-0.058611634
-98.28	24.127	0.698116536	0.328086231
-108.3	25.127	0	0
-107.3	25.127	-0.677935536	-0.881125195
-106.3	25.127	-0.811225013	-1.880354766
-105.3	25.127	-0.500946731	-1.884765164
-104.3	25.127	0	0
-103.3	25.127	0	0
-100.3	25.127	0.579874808	-0.164766187
-99.28	25.127	0.869649137	-0.113659854
-98.28	25.127	-0.566349009	-1.659269375
-109.3	26.127	0	0
-108.3	26.127	0	0
-107.3	26.127	-0.857382146	-1.708350729
-106.3	26.127	-0.755212415	-1.71509727
-105.3	26.127	-0.709852244	-1.571693473
-104.3	26.127	0	0
-103.3	26.127	0	0
-100.3	26.127	1.056169221	0.046210909
-99.28	26.127	1.21867838	0.252789393
-98.28	26.127	-0.428980771	-1.638571725
-97.28	26.127	-0.719281606	-1.540379348
-110.3	27.127	0	0
-109.3	27.127	0	0
-108.3	27.127	0	0
-107.3	27.127	-0.914956671	-1.899207665
-106.3	27.127	-0.757615075	-1.303801033
-105.3	27.127	0	0
-104.3	27.127	0	0
-100.3	27.127	-0.629042501	-1.531900463
-99.28	27.127	-0.698014132	-1.808113286
-111.3	28.127	0	0
-110.3	28.127	0	0
-109.3	28.127	0	0
-108.3	28.127	-0.673611009	-1.319520442
-107.3	28.127	0	0
-106.3	28.127	0	0
-105.3	28.127	0	0
-104.3	28.127	0	0
-100.3	28.127	0	0
-99.28	28.127	-0.566949999	-1.478149047
-112.3	29.127	0	0
-111.3	29.127	0	0
-110.3	29.127	0	0
-109.3	29.127	0	0
-108.3	29.127	-0.712659393	-1.352262067
-107.3	29.127	0	0
-106.3	29.127	0	0
-105.3	29.127	0	0
-104.3	29.127	0	0
-103.3	29.127	0	0
-101.3	29.127	0	0
-100.3	29.127	0	0
-112.3	30.127	0	0
-111.3	30.127	0	0
-110.3	30.127	-0.788876977	-1.307450933
-109.3	30.127	-0.35265351	-1.307980663
-108.3	30.127	-0.548502934	-1.249698297
-107.3	30.127	0	0
-106.3	30.127	0	0
-105.3	30.127	-0.423603834	-1.764926186
-104.3	30.127	-0.643958982	-1.693057159
-102.3	30.127	0	0
-101.3	30.127	0	0
-111.3	31.127	-0.450408722	-1.726272248
-110.3	31.127	-0.45609461	-1.71347101
-109.3	31.127	-0.538176255	-1.561790742
-108.3	31.127	-0.435804907	-1.410117245
-107.3	31.127	0	0
-106.3	31.127	-0.578607044	-1.897511441
-105.3	31.127	0	0
-115.3	32.127	0	0
-114.3	32.127	0	0
-108.3	32.127	-0.587475716	-2.086483238
-107.3	32.127	-0.345884801	-1.720252017
-106.3	32.127	-0.393648242	-1.38875267
-115.3	33.127	0	0
